596
0
0
11
6
-2
34
64
11
10
-2
52
49
10
5
-2
6
87
5
10
-2
50
4
5
6
-2
86
44
9
9
-2
16
11
8
11
-2
47
36
10
10
-2
83
10
6
7
-2
83
61
10
5
-2
35
85
9
7
-2
73
8
6
6
-2
87
28
5
9
-2
2
32
6
9
-2
74
88
5
6
-2
48
69
11
10
-2
10
40
8
11
-2
9
74
10
11
-2
88
70
9
9
-2
39
18
8
5
-2
25
0
8
9
-2
75
44
7
8
-2
61
72
9
9
-2
27
20
9
6
-2
21
55
6
7
-2
23
28
6
5
-2
57
16
5
10
-2
37
4
8
8
-2
29
40
9
11
-2
74
73
7
11
-2
48
85
9
9
-2
1
54
10
10
-2
23
65
9
9
-2
59
2
5
6
-2
80
24
5
5
-2
14
93
11
5
-2
93
10
6
9
-2
81
86
11
5
-2
53
59
11
6
-2
62
40
6
5
-2
40
54
8
8
-2
4
15
6
11
-2
21
76
9
10
-2
65
88
5
7
-2
71
25
5
7
-2
88
0
11
8
-2
38
25
8
7
-2
72
59
9
10
-2
5
8
8
5
-2
16
30
5
6
-2
85
94
11
5
-2
31
94
5
5
-2
51
29
8
5
-2
65
48
8
7
-2
0
66
6
9
-2
0
77
6
8
-2
69
17
7
6
-2
31
28
5
8
-2
66
1
10
5
-2
40
38
5
9
-2
5
6
5
8
-3
9
13
9
15
-3
13
11
16
11
-3
4
26
4
32
-3
23
22
23
28
-3
24
20
27
20
-3
8
40
10
40
-3
29
30
31
30
-3
23
32
21
32
-3
36
25
38
25
-3
10
51
10
54
-3
32
36
32
40
-3
5
64
5
66
-3
38
43
40
43
-3
3
75
3
77
-3
6
74
9
74
-3
41
47
41
54
-3
45
45
47
45
-3
40
62
40
64
-3
48
61
53
61
-3
53
46
53
49
-3
53
36
53
34
-3
57
44
62
44
-3
45
72
48
72
-3
34
73
32
73
-3
64
64
72
64
-3
62
53
65
53
-3
58
29
58
26
-3
68
44
75
44
-3
54
79
54
85
-3
59
75
61
75
-3
23
74
23
76
-3
26
65
26
62
-3
78
69
78
73
-3
81
62
83
62
-3
82
51
86
51
-3
57
91
65
91
-3
48
90
44
90
-3
90
66
90
70
-3
90
44
90
37
-3
70
89
74
89
-3
35
92
35
94
-3
90
79
90
86
-3
87
28
85
28
-3
88
91
88
94
-3
83
24
83
17
-3
80
26
76
26
-3
72
25
72
23
-3
75
17
75
14
-3
74
8
74
6
-3
66
5
64
5
-3
59
4
55
4
-3
50
9
45
9
-3
39
12
39
18
-3
37
4
33
4
-3
10
85
10
87
-3
88
10
88
8
-3
89
16
93
16
-3
11
94
14
94
-3
